37
Trichoderm  	0.0000	0.1497	0.1978	0.1970	0.2231	0.2225	0.2295	0.2261	0.2828	0.2790	0.2508	0.2471	0.2910	0.2927	0.2885	0.3423	0.3705	0.3576	0.3298	0.3295	0.3909	0.3842	0.4061	0.3835	0.4272	0.4314	0.4088	0.4148	0.4148	0.4845	0.5307	0.5125	0.7221	0.7891	0.9201	0.9581	0.9113
Fusarium_o 	0.1497	0.0000	0.1995	0.1988	0.2248	0.2243	0.2312	0.2278	0.2846	0.2807	0.2526	0.2488	0.2928	0.2944	0.2902	0.3441	0.3722	0.3594	0.3315	0.3313	0.3927	0.3859	0.4078	0.3853	0.4289	0.4332	0.4105	0.4165	0.4165	0.4863	0.5325	0.5143	0.7239	0.7908	0.9219	0.9599	0.9131
Colletotrb 	0.1978	0.1995	0.0000	0.0296	0.2146	0.2140	0.2209	0.2175	0.2743	0.2704	0.2423	0.2386	0.2825	0.2841	0.2800	0.3338	0.3620	0.3491	0.3213	0.3210	0.3824	0.3756	0.3976	0.3750	0.4186	0.4229	0.4003	0.4063	0.4063	0.4760	0.5222	0.5040	0.7136	0.7806	0.9116	0.9496	0.9028
Colletotra 	0.1970	0.1988	0.0296	0.0000	0.2138	0.2133	0.2202	0.2168	0.2736	0.2697	0.2415	0.2378	0.2818	0.2834	0.2792	0.3330	0.3612	0.3483	0.3205	0.3203	0.3817	0.3749	0.3968	0.3742	0.4179	0.4222	0.3995	0.4055	0.4055	0.4752	0.5215	0.5032	0.7128	0.7798	0.9108	0.9488	0.9021
Hypoxylonc  	0.2231	0.2248	0.2146	0.2138	0.0000	0.0057	0.0663	0.0667	0.2686	0.2647	0.2366	0.2329	0.2768	0.2784	0.2743	0.3281	0.3563	0.3434	0.3156	0.3153	0.3767	0.3699	0.3919	0.3693	0.4129	0.4172	0.3946	0.4006	0.4006	0.4703	0.5165	0.4983	0.7079	0.7749	0.9059	0.9439	0.8971
Hypoxylonb 	0.2225	0.2243	0.2140	0.2133	0.0057	0.0000	0.0658	0.0662	0.2681	0.2642	0.2361	0.2323	0.2763	0.2779	0.2737	0.3276	0.3558	0.3429	0.3150	0.3148	0.3762	0.3694	0.3913	0.3688	0.4124	0.4167	0.3940	0.4000	0.4000	0.4698	0.5160	0.4978	0.7074	0.7743	0.9054	0.9434	0.8966
Hypoxylona	0.2295	0.2312	0.2209	0.2202	0.0663	0.0658	0.0000	0.0731	0.2750	0.2711	0.2430	0.2392	0.2832	0.2848	0.2806	0.3345	0.3627	0.3498	0.3219	0.3217	0.3831	0.3763	0.3982	0.3757	0.4193	0.4236	0.4009	0.4070	0.4069	0.4767	0.5229	0.5047	0.7143	0.7813	0.9123	0.9503	0.9035
Daldinia_e  	0.2261	0.2278	0.2175	0.2168	0.0667	0.0662	0.0731	0.0000	0.2716	0.2677	0.2396	0.2358	0.2798	0.2814	0.2772	0.3311	0.3593	0.3464	0.3185	0.3183	0.3797	0.3729	0.3948	0.3723	0.4159	0.4202	0.3975	0.4036	0.4035	0.4733	0.5195	0.5013	0.7109	0.7779	0.9089	0.9469	0.9001
Ophiostoma  	0.2828	0.2846	0.2743	0.2736	0.2686	0.2681	0.2750	0.2716	0.0000	0.1530	0.2632	0.2718	0.3329	0.3345	0.3304	0.3842	0.4124	0.3995	0.3717	0.3714	0.4328	0.4261	0.4480	0.4254	0.4691	0.4733	0.4507	0.4567	0.4567	0.5264	0.5726	0.5544	0.7640	0.8310	0.9620	1.0000	0.9532
Grosmannia 	0.2790	0.2807	0.2704	0.2697	0.2647	0.2642	0.2711	0.2677	0.1530	0.0000	0.2593	0.2679	0.3291	0.3307	0.3265	0.3803	0.4085	0.3956	0.3678	0.3676	0.4289	0.4222	0.4441	0.4215	0.4652	0.4695	0.4468	0.4528	0.4528	0.5225	0.5687	0.5505	0.7601	0.8271	0.9581	0.9961	0.9494
Magnaporth  	0.2508	0.2526	0.2423	0.2415	0.2366	0.2361	0.2430	0.2396	0.2632	0.2593	0.0000	0.2398	0.3009	0.3025	0.2983	0.3522	0.3804	0.3675	0.3397	0.3394	0.4008	0.3940	0.4160	0.3934	0.4370	0.4413	0.4187	0.4247	0.4247	0.4944	0.5406	0.5224	0.7320	0.7990	0.9300	0.9680	0.9212
Neurospora 	0.2471	0.2488	0.2386	0.2378	0.2329	0.2323	0.2392	0.2358	0.2718	0.2679	0.2398	0.0000	0.2972	0.2988	0.2946	0.3485	0.3766	0.3637	0.3359	0.3357	0.3971	0.3903	0.4122	0.3897	0.4333	0.4376	0.4149	0.4209	0.4209	0.4907	0.5369	0.5187	0.7283	0.7952	0.9263	0.9643	0.9175
Sclerotini	0.2910	0.2928	0.2825	0.2818	0.2768	0.2763	0.2832	0.2798	0.3329	0.3291	0.3009	0.2972	0.0000	0.0329	0.1626	0.2334	0.3192	0.3063	0.2784	0.2782	0.3396	0.3328	0.3547	0.3322	0.3758	0.3801	0.3574	0.3635	0.3634	0.4332	0.4794	0.4612	0.6708	0.7378	0.8688	0.9068	0.8600
Botrytis_c 	0.2927	0.2944	0.2841	0.2834	0.2784	0.2779	0.2848	0.2814	0.3345	0.3307	0.3025	0.2988	0.0329	0.0000	0.1642	0.2350	0.3208	0.3079	0.2800	0.2798	0.3412	0.3344	0.3563	0.3338	0.3774	0.3817	0.3590	0.3651	0.3650	0.4348	0.4810	0.4628	0.6724	0.7394	0.8704	0.9084	0.8616
Glarea_loz  	0.2885	0.2902	0.2800	0.2792	0.2743	0.2737	0.2806	0.2772	0.3304	0.3265	0.2983	0.2946	0.1626	0.1642	0.0000	0.2308	0.3166	0.3037	0.2759	0.2756	0.3370	0.3302	0.3522	0.3296	0.3732	0.3775	0.3549	0.3609	0.3609	0.4306	0.4768	0.4586	0.6682	0.7352	0.8662	0.9042	0.8574
Blumeria_g 	0.3423	0.3441	0.3338	0.3330	0.3281	0.3276	0.3345	0.3311	0.3842	0.3803	0.3522	0.3485	0.2334	0.2350	0.2308	0.0000	0.3704	0.3575	0.3297	0.3295	0.3909	0.3841	0.4060	0.3835	0.4271	0.4314	0.4087	0.4147	0.4147	0.4845	0.5307	0.5125	0.7221	0.7890	0.9201	0.9581	0.9113
Xanthoria_  	0.3705	0.3722	0.3620	0.3612	0.3563	0.3558	0.3627	0.3593	0.4124	0.4085	0.3804	0.3766	0.3192	0.3208	0.3166	0.3704	0.0000	0.2185	0.2784	0.2782	0.3477	0.3410	0.3629	0.3403	0.3968	0.4011	0.3785	0.3845	0.3845	0.4542	0.5004	0.4822	0.6918	0.7588	0.8898	0.9278	0.8810
Cladonia_g  	0.3576	0.3594	0.3491	0.3483	0.3434	0.3429	0.3498	0.3464	0.3995	0.3956	0.3675	0.3637	0.3063	0.3079	0.3037	0.3575	0.2185	0.0000	0.2655	0.2653	0.3348	0.3281	0.3500	0.3274	0.3839	0.3882	0.3656	0.3716	0.3716	0.4413	0.4875	0.4693	0.6789	0.7459	0.8769	0.9149	0.8681
Symbiotaph  	0.3298	0.3315	0.3213	0.3205	0.3156	0.3150	0.3219	0.3185	0.3717	0.3678	0.3397	0.3359	0.2784	0.2800	0.2759	0.3297	0.2784	0.2655	0.0000	0.2185	0.3070	0.3002	0.3222	0.2996	0.3561	0.3604	0.3377	0.3438	0.3437	0.4135	0.4597	0.4415	0.6511	0.7181	0.8491	0.8871	0.8403
Xylona_hev  	0.3295	0.3313	0.3210	0.3203	0.3153	0.3148	0.3217	0.3183	0.3714	0.3676	0.3394	0.3357	0.2782	0.2798	0.2756	0.3295	0.2782	0.2653	0.2185	0.0000	0.3068	0.3000	0.3219	0.2994	0.3559	0.3602	0.3375	0.3435	0.3435	0.4132	0.4594	0.4412	0.6508	0.7178	0.8488	0.8868	0.8401
Trichophyt  	0.3909	0.3927	0.3824	0.3817	0.3767	0.3762	0.3831	0.3797	0.4328	0.4289	0.4008	0.3971	0.3396	0.3412	0.3370	0.3909	0.3477	0.3348	0.3070	0.3068	0.0000	0.1972	0.2617	0.2391	0.4173	0.4215	0.3989	0.4049	0.4049	0.4746	0.5208	0.5026	0.7122	0.7792	0.9102	0.9482	0.9014
Histoplasm	0.3842	0.3859	0.3756	0.3749	0.3699	0.3694	0.3763	0.3729	0.4261	0.4222	0.3940	0.3903	0.3328	0.3344	0.3302	0.3841	0.3410	0.3281	0.3002	0.3000	0.1972	0.0000	0.2549	0.2323	0.4105	0.4148	0.3921	0.3981	0.3981	0.4679	0.5141	0.4959	0.7055	0.7724	0.9035	0.9414	0.8947
Penicilliu 	0.4061	0.4078	0.3976	0.3968	0.3919	0.3913	0.3982	0.3948	0.4480	0.4441	0.4160	0.4122	0.3547	0.3563	0.3522	0.4060	0.3629	0.3500	0.3222	0.3219	0.2617	0.2549	0.0000	0.1714	0.4324	0.4367	0.4140	0.4201	0.4200	0.4898	0.5360	0.5178	0.7274	0.7944	0.9254	0.9634	0.9166
Aspergillu  	0.3835	0.3853	0.3750	0.3742	0.3693	0.3688	0.3757	0.3723	0.4254	0.4215	0.3934	0.3897	0.3322	0.3338	0.3296	0.3835	0.3403	0.3274	0.2996	0.2994	0.2391	0.2323	0.1714	0.0000	0.4099	0.4141	0.3915	0.3975	0.3975	0.4672	0.5134	0.4952	0.7048	0.7718	0.9028	0.9408	0.8940
Mycosphaer  	0.4272	0.4289	0.4186	0.4179	0.4129	0.4124	0.4193	0.4159	0.4691	0.4652	0.4370	0.4333	0.3758	0.3774	0.3732	0.4271	0.3968	0.3839	0.3561	0.3559	0.4173	0.4105	0.4324	0.4099	0.0000	0.1470	0.3771	0.3831	0.3831	0.5064	0.5526	0.5344	0.7440	0.8110	0.9420	0.9800	0.9332
Cladospori  	0.4314	0.4332	0.4229	0.4222	0.4172	0.4167	0.4236	0.4202	0.4733	0.4695	0.4413	0.4376	0.3801	0.3817	0.3775	0.4314	0.4011	0.3882	0.3604	0.3602	0.4215	0.4148	0.4367	0.4141	0.1470	0.0000	0.3814	0.3874	0.3874	0.5107	0.5569	0.5387	0.7483	0.8153	0.9463	0.9843	0.9375
Cochliobol  	0.4088	0.4105	0.4003	0.3995	0.3946	0.3940	0.4009	0.3975	0.4507	0.4468	0.4187	0.4149	0.3574	0.3590	0.3549	0.4087	0.3785	0.3656	0.3377	0.3375	0.3989	0.3921	0.4140	0.3915	0.3771	0.3814	0.0000	0.0546	0.0948	0.4880	0.5342	0.5160	0.7256	0.7926	0.9236	0.9616	0.9149
Alternaria  	0.4148	0.4165	0.4063	0.4055	0.4006	0.4000	0.4070	0.4036	0.4567	0.4528	0.4247	0.4209	0.3635	0.3651	0.3609	0.4147	0.3845	0.3716	0.3438	0.3435	0.4049	0.3981	0.4201	0.3975	0.3831	0.3874	0.0546	0.0000	0.1009	0.4941	0.5403	0.5221	0.7317	0.7986	0.9297	0.9676	0.9209
Leptosphae  	0.4148	0.4165	0.4063	0.4055	0.4006	0.4000	0.4069	0.4035	0.4567	0.4528	0.4247	0.4209	0.3634	0.3650	0.3609	0.4147	0.3845	0.3716	0.3437	0.3435	0.4049	0.3981	0.4200	0.3975	0.3831	0.3874	0.0948	0.1009	0.0000	0.4940	0.5403	0.5220	0.7316	0.7986	0.9296	0.9676	0.9209
Tuber_mela  	0.4845	0.4863	0.4760	0.4752	0.4703	0.4698	0.4767	0.4733	0.5264	0.5225	0.4944	0.4907	0.4332	0.4348	0.4306	0.4845	0.4542	0.4413	0.4135	0.4132	0.4746	0.4679	0.4898	0.4672	0.5064	0.5107	0.4880	0.4941	0.4940	0.0000	0.3219	0.4103	0.6296	0.6966	0.8276	0.8656	0.8189
Pyronema_c 	0.5307	0.5325	0.5222	0.5215	0.5165	0.5160	0.5229	0.5195	0.5726	0.5687	0.5406	0.5369	0.4794	0.4810	0.4768	0.5307	0.5004	0.4875	0.4597	0.4594	0.5208	0.5141	0.5360	0.5134	0.5526	0.5569	0.5342	0.5403	0.5403	0.3219	0.0000	0.4565	0.6758	0.7428	0.8739	0.9118	0.8651
Orbilia_au  	0.5125	0.5143	0.5040	0.5032	0.4983	0.4978	0.5047	0.5013	0.5544	0.5505	0.5224	0.5187	0.4612	0.4628	0.4586	0.5125	0.4822	0.4693	0.4415	0.4412	0.5026	0.4959	0.5178	0.4952	0.5344	0.5387	0.5160	0.5221	0.5220	0.4103	0.4565	0.0000	0.6576	0.7246	0.8556	0.8936	0.8469
Taphrina_d  	0.7221	0.7239	0.7136	0.7128	0.7079	0.7074	0.7143	0.7109	0.7640	0.7601	0.7320	0.7283	0.6708	0.6724	0.6682	0.7221	0.6918	0.6789	0.6511	0.6508	0.7122	0.7055	0.7274	0.7048	0.7440	0.7483	0.7256	0.7317	0.7316	0.6296	0.6758	0.6576	0.0000	0.6574	0.8366	0.8746	0.8278
Schizosacc	0.7891	0.7908	0.7806	0.7798	0.7749	0.7743	0.7813	0.7779	0.8310	0.8271	0.7990	0.7952	0.7378	0.7394	0.7352	0.7890	0.7588	0.7459	0.7181	0.7178	0.7792	0.7724	0.7944	0.7718	0.8110	0.8153	0.7926	0.7986	0.7986	0.6966	0.7428	0.7246	0.6574	0.0000	0.9035	0.9415	0.8948
Debaryomyc 	0.9201	0.9219	0.9116	0.9108	0.9059	0.9054	0.9123	0.9089	0.9620	0.9581	0.9300	0.9263	0.8688	0.8704	0.8662	0.9201	0.8898	0.8769	0.8491	0.8488	0.9102	0.9035	0.9254	0.9028	0.9420	0.9463	0.9236	0.9297	0.9296	0.8276	0.8739	0.8556	0.8366	0.9035	0.0000	0.2650	0.5334
Candida_te	0.9581	0.9599	0.9496	0.9488	0.9439	0.9434	0.9503	0.9469	1.0000	0.9961	0.9680	0.9643	0.9068	0.9084	0.9042	0.9581	0.9278	0.9149	0.8871	0.8868	0.9482	0.9414	0.9634	0.9408	0.9800	0.9843	0.9616	0.9676	0.9676	0.8656	0.9118	0.8936	0.8746	0.9415	0.2650	0.0000	0.5714
Saccharomy 	0.9113	0.9131	0.9028	0.9021	0.8971	0.8966	0.9035	0.9001	0.9532	0.9494	0.9212	0.9175	0.8600	0.8616	0.8574	0.9113	0.8810	0.8681	0.8403	0.8401	0.9014	0.8947	0.9166	0.8940	0.9332	0.9375	0.9149	0.9209	0.9209	0.8189	0.8651	0.8469	0.8278	0.8948	0.5334	0.5714	0.0000
